
size_training:
[4026, 4026, 4026, 4026, 4026, 4026, 4026, 4026, 4026]

rolling_micro:
[0.066666666666666666, 0.083333333333333329, 0.036529680365296802, 0.062937062937062943, 0.028328611898016998, 0.04134366925064599, 0.038297872340425532, 0.061185468451242835, 0.048000000000000001]

rolling_macro:
[0.0085470085470085461, 0.0096866096866096863, 0.0026556776556776558, 0.019398379398379399, 0.0070435120435120438, 0.010598290598290599, 0.01177121018749978, 0.015624541443939438, 0.021425993758393758]

size_test
[50, 100, 150, 200, 250, 300, 350, 400, 450]